 2.89167
   2.96754
   4.54968
   3.71707
   3.39298
   5.50505
   2.31482
   2.77904
   4.30792
   2.72338
   2.78304
   3.15951
   3.02846
   3.24380
   2.29832
   4.42604
   2.30500
   4.72507
   3.92342
   2.90104
   1.98232
   6.33917
   5.64823
   2.54970
   1.77068
   2.28449
   2.33634
   3.09775
   3.08839
   3.66650
   6.55326
   3.18718
   1.98064
   2.81664
   1.66010
   4.60619
   5.35290
   1.10198
   5.88987
   3.01954
   2.69917
   1.30016
   2.97229
   2.75311
   2.08290
   4.07210
   1.95352
   1.87902
   1.79833
   1.81760
   2.51016
   3.54339
   2.66284
   5.19029
   3.23539
   4.00249
   1.74558
   4.70671
   3.84355
   3.96629
   0.26888
   0.45467
   0.30821
   0.44200
   0.38205
   0.31007
   0.42284
   0.29969
   0.33353
   0.34612
   0.51217
   0.28011
   0.53683
   0.29506
   0.39121
   0.49952
   0.30778
   0.41478
   0.52041
   0.31474
   0.35155
   0.48260
   0.27665
   0.48035
   0.40113
   0.31145
   0.29275
   0.36892
   0.28892
   0.45697
   0.40162
   0.29895
   0.41578
   0.35823
   0.45578
   0.30304
   0.29786
   0.31107
   0.26822
   0.58756
   0.38109
   0.40151
   0.32009
   0.35755
   0.41826
   0.30281
   0.42039
   0.42912
   0.38802
   0.46140
   0.33851
   0.35483
   0.30493
   0.40709
   0.34532
   0.31421
   0.39658
   0.46078
   0.24428
   0.32001
   0.17725
   0.23287
   0.22688
   0.19654
   0.16494
   0.18634
   0.27455
   0.18007
   0.17432
   0.16229
   0.19450
   0.18935
   0.25569
   0.18844
   0.19839
   0.27462
   0.22392
   0.16239
   0.17730
   0.19763
   0.23476
   0.23538
   0.23417
   0.23991
   0.15860
   0.22842
   0.20982
   0.22746
   0.19869
   0.16828
   0.20760
   0.24888
   0.21953
   0.18495
   0.17568
   0.24729
   0.22726
   0.18476
   0.16896
   0.17887
   0.19681
   0.16742
   0.24837
   0.19745
   0.19519
   0.20710
   0.22234
   0.18248
   0.22191
   0.18121
   0.19177
   0.19125
   0.20421
   0.17773
   0.20460
   0.15840
   0.20108
   0.26879
   0.22514
   0.17578
   0.15297
   0.15297
   0.15297
   0.15297
   0.15297
   0.16164
   0.16297
   0.15297
   0.15297
   0.16818
   0.15297
   0.15297
   0.16297
   0.15297
   0.16221
   0.16297
   0.18604
   0.16597
   0.15297
   0.19631
   0.15297
   0.19631
   0.16110
   0.15297
   0.15297
   0.15297
   0.15297
   0.16020
   0.15981
   0.15297
   0.15297
   0.17411
   0.17428
   0.17155
   0.17606
   0.17411
   0.15297
   0.15297
   0.16297
   0.15297
   0.16432
   0.16349
   0.15297
   0.16020
   0.16062
   0.18557
   0.17161
   0.16020
   0.15297
   0.16170
   0.15297
   0.16062
   0.17863
   0.15297
   0.17004
   0.16763
   0.17247
   0.16827
   0.17464
   0.15297