3.30256
   3.11042
   3.87402
   3.83900
   2.66252
   5.32775
   2.78488
   2.87365
   4.35864
   2.46380
   2.86160
   2.84218
   3.12198
   2.93620
   2.06206
   3.75854
   2.21524
   5.60906
   4.14847
   2.57519
   2.16880
   6.41541
   5.17465
   2.91591
   1.66940
   2.37580
   2.53049
   2.94426
   3.26384
   4.01365
   6.17059
   3.15931
   2.10713
   3.03702
   1.63435
   3.92881
   5.84872
   1.40238
   6.14062
   3.07644
   2.42925
   1.25453
   2.90300
   2.79413
   2.05273
   4.16660
   1.76103
   1.74339
   1.60100
   1.82736
   2.91308
   4.16395
   2.97622
   4.51169
   3.09646
   3.68104
   1.73377
   4.91252
   3.74802
   3.87599
   0.27689
   0.46493
   0.31551
   0.44105
   0.35591
   0.33384
   0.44133
   0.31898
   0.34888
   0.35402
   0.45956
   0.29751
   0.55884
   0.30528
   0.39245
   0.49133
   0.32020
   0.40545
   0.50199
   0.32342
   0.38525
   0.50201
   0.28179
   0.50892
   0.42150
   0.33902
   0.28427
   0.40602
   0.31579
   0.46610
   0.42355
   0.30087
   0.40358
   0.36699
   0.46518
   0.27892
   0.30484
   0.33716
   0.27566
   0.58489
   0.39248
   0.43423
   0.31725
   0.38910
   0.43365
   0.31200
   0.42981
   0.44868
   0.40431
   0.48534
   0.32835
   0.36853
   0.29098
   0.41926
   0.32231
   0.30087
   0.41985
   0.46526
   0.26197
   0.32518
   0.18123
   0.23386
   0.23994
   0.20196
   0.16667
   0.19124
   0.28316
   0.18283
   0.17841
   0.16255
   0.19753
   0.19804
   0.26267
   0.18946
   0.20218
   0.27979
   0.22763
   0.16484
   0.18328
   0.19801
   0.23968
   0.23737
   0.24019
   0.24546
   0.15953
   0.23242
   0.21171
   0.23623
   0.19230
   0.17155
   0.20444
   0.25099
   0.23145
   0.18596
   0.17835
   0.25959
   0.23758
   0.18387
   0.16086
   0.18197
   0.19758
   0.16744
   0.25091
   0.19983
   0.19565
   0.21116
   0.22448
   0.18385
   0.21395
   0.18452
   0.19965
   0.19899
   0.21224
   0.18016
   0.20740
   0.16006
   0.20682
   0.28868
   0.23326
   0.17931
   0.15299
   0.15299
   0.15299
   0.15299
   0.15299
   0.16166
   0.16300
   0.15299
   0.15299
   0.17040
   0.15299
   0.15299
   0.16383
   0.15299
   0.16294
   0.16383
   0.18710
   0.16600
   0.15299
   0.19634
   0.15299
   0.19634
   0.16383
   0.15299
   0.15299
   0.15299
   0.15299
   0.16069
   0.16064
   0.15299
   0.15299
   0.17414
   0.17847
   0.17157
   0.17608
   0.17414
   0.15299
   0.15299
   0.16300
   0.15299
   0.16541
   0.16379
   0.15299
   0.16069
   0.16064
   0.19051
   0.17463
   0.16069
   0.15299
   0.16304
   0.15299
   0.16112
   0.18233
   0.15299
   0.17252
   0.16929
   0.17256
   0.16877
   0.17925
   0.15299