0.47206
0.41201
0.40486
0.44868
0.50516
0.43264
0.40193
0.39012
0.56762
0.42021
0.46918
0.57231
0.43965
0.33794
0.45102
0.54472
0.51272
0.43859
0.40409
0.49851
0.43374
0.37695
0.55077
0.48638
0.39475
0.42259
0.37146
0.46111
0.37695
0.33794
0.40328
0.39421
0.56029
0.44701
0.37727
0.50996
0.46266
0.43114
0.43718
0.55986
0.46654
0.38374
0.46210
0.43688
0.38352
0.39789
0.43184
0.44740
0.41562
0.39012
0.33794
0.36167
0.37603
0.38649
0.40873
0.44737
0.36719
0.39090
0.41949
0.45428
2.45711
3.21533
6.50641
0.95632
1.24761
1.86587
1.27433
3.36767
2.01668
4.13376
6.79638
2.67945
1.18613
2.17447
2.51541
6.83452
2.14797
1.91827
0.99504
0.50407
0.65940
1.97478
6.56691
1.25613
0.58494
1.02987
0.70620
2.89653
3.35228
1.46249
0.49954
3.04808
0.55716
2.89206
2.24097
0.85394
1.10574
0.51581
1.99528
0.81498
0.53095
0.55963
4.02405
1.28179
0.81968
1.05822
2.05472
0.42720
2.84203
1.54209
3.44497
14.71563
1.25325
12.62922
0.41179
0.86217
0.95353
0.38286
6.74680
0.77459
0.53815
0.38754
0.42970
0.51735
0.36368
0.83408
0.51636
0.59153
0.74770
0.80441
0.39258
0.56516
0.38541
0.74851
0.36978
0.71566
0.47465
0.50839
0.42746
0.45765
0.48830
0.63383
0.75115
0.41992
0.65589
0.68348
0.98687
0.44874
0.73954
0.38398
0.59242
0.60310
0.66490
0.49655
0.65037
0.59863
0.68099
0.87963
0.57775
0.42344
0.40751
0.72918
0.36249
0.45669
0.38374
0.57948
0.55229
0.49976
0.47921
0.36657
0.82941
1.10907
0.69703
0.54653
1.17745
0.49059
0.33794
1.06117
0.36004
0.61224
0.46253
0.52116
0.70499
0.50387
0.55783
0.80173
0.33794
0.63889
0.40131
0.38034
0.43154
0.40106
0.42990
0.58114
0.70535
0.67325
0.38659
0.42485
0.44194
0.53464
0.36356
0.75145
0.42019
0.45666
0.43589
0.36100
0.33794
0.69249
0.35724
0.42266
0.54000
0.49954
0.47464
0.44533
0.50142
0.43765
0.50118
0.40178
0.33794
0.39743
1.20880
0.68216
0.73279
0.38343
0.76130
0.67311
0.42386
0.93537
0.91294
0.60589
0.52965
0.40430
0.46057
0.44124
0.47734
0.59052
0.38124
0.33794
0.57037
0.65041